1.12059	
-4.16407	
2.09918	
2.15968	
-2.87962	
0.710472	
-1.44671	
-1.08492	
2.17311	
0.207158	
5.57666	
0.371681	
0.803656	
-0.512036	
-1.01941	
-1.72682	
-1.10988	
-0.903006	
-0.0810892	
-3.80794	
2.22937	
1.69869	
-2.98759	
-0.904325	
0.129575	
-0.175996	
1.74368	
-1.31948	
-0.235389	
-1.50492	
4.49406	
-1.31819	
-0.297828	
4.82119	
-0.526618	
-3.92909	
5.84551	
-0.441853	
-3.78788	
-1.369	
1.90537	
2.00901	
2.19766	
-4.06274	
3.43551	
-3.05529	
-1.10161	
-1.96214	
2.21515	
-1.01083	
1.05226	
-2.82647	
1.33044	
-0.151389	
-4.54713	
1.88921	
0.409187	
0.169088	
-5.11335	
-0.132395	
-2.75212	
-0.881311	
0.140232	
2.88615	
-0.282554	
-1.67031	
1.03954	
-1.42627	
-6.30338	
-0.451815	
1.38932	
-0.273679	
3.0608	
-3.30043	
0.78318	
-1.53583	
-1.83476	
3.78559	
0.643049	
3.036	
2.10331	
0.590416	
1.19381	
-5.2185	
-2.28023	
1.47494	
-0.0150194	
1.47788	
0.996499	
0.419019	
0.0778007	
-1.93835	
0.487829	
0.0561219	
1.59419	
-0.874489	
-0.942477	
2.3603	
0.719649	
-3.27167	
0.91042	
0.738884	
-0.40514	
-1.22484	
1.12804	
-1.60226	
0.569083	
-1.62684	
-0.189898	
-1.64714	
1.46801	
-0.440299	
-0.52551	
1.85697	
0.659797	
-1.22896	
-2.80567	
-2.63677	
-3.19165	
-0.151032	
-1.28177	
-1.02993	
-2.02513	
-0.0795292	
-2.12497	
-2.70199	
-0.866613	
0.314134	
3.36258	
-0.245174	
-2.32117	
3.28447	
3.2895	
0.249837	
-0.817787	
2.28676	
1.0105	
0.331109	
-0.944476	
0.376217	
2.61244	
1.32048	
4.49956	
-0.984021	
-4.90108	
0.781499	
1.89821	
1.14068	
-1.00297	
-0.931779	
1.82107	
1.45369	
0.0642723	
0.162362	
2.32191	
-4.31261	
0.300205	
0.086518	
-1.14116	
-1.17298	
-1.14469	
-1.04607	
4.63822	
-2.5535	
-0.61023	
-1.68518	
-0.247424	
-0.162274	
2.97056	
-1.0868	
-1.85137	
0.902209	
2.50711	
-0.545392	
0.448229	
1.69665	
-2.48097	
1.94197	
0.463045	
4.15866	
-1.29065	
1.47846	
0.00566981	
1.69161	
-3.70365	
0.212917	
-0.582959	
1.01779	
1.13769	
-1.76996	
0.180918	
-1.01609	
-0.230871	
2.24442	
0.378983	
0.243543	
-1.24141	
0.842293	
-0.829749	
0.604063	
