-0.0305735	-0.0395403	-0.0743454	-0.0387854	0.0687347	0.0784557	0.039453	-0.00884269	0.0290195	0.0432203	
0.0223536	-0.00566017	0.0280866	-0.021228	-0.0369672	-0.0487941	-0.0820082	-0.011932	0.00160153	0.0203418	
-0.0594073	-0.0914289	0.157945	-0.0510582	-0.0284033	0.0851645	0.0643978	-0.0960964	-0.053611	0.123801	
0.00664637	-0.0931702	-0.0193552	0.0714401	-0.0423931	0.164732	0.074973	-0.0542071	0.00998668	0.0291561	
0.0151748	-0.0502581	-0.0206444	0.0102056	-0.0164371	0.0392766	-0.0139877	0.0441692	0.067032	0.00448523	
0.116351	0.0705977	0.137052	0.0222006	-0.0975822	-0.033428	-0.0222799	0.073493	0.0806933	0.11493	
0.0977066	0.00351739	-0.0551151	-0.0132595	-0.0269201	0.0654615	0.0508498	0.00399264	0.0285495	-0.109424	
-0.0616837	0.03747	0.0284145	0.0418858	0.0583412	-0.121274	-0.0871985	0.0261796	0.0953132	0.0591317	
-0.0297274	-0.0302707	-0.08461	-0.0593716	0.012925	0.0601815	0.0803107	-0.0197274	-0.0577855	0.0247756	
0.0634688	0.0302971	0.117569	-0.120333	0.0796561	0.00251251	0.0102022	-0.00132027	0.0456536	0.0913304	
-0.0679128	-0.0750545	0.112737	0.0484111	0.0264609	0.0252146	-0.017697	0.000946967	-0.104091	0.00380595	
0.0469679	-0.0743377	0.00512577	-0.119866	0.0392161	-0.0910076	-0.204222	-0.0213397	-0.0364485	-0.0314462	
0.0370941	-0.0753452	0.144805	0.134595	0.0547365	0.0415273	0.0183159	0.0839187	0.0196013	-0.108476	
-0.128265	0.0975909	0.0132281	-0.0203629	-0.0495839	0.0849391	0.0698451	-0.0054549	0.181579	0.033665	
0.00792218	0.0871293	0.049852	0.132001	-0.0232546	0.0425643	0.0717355	-0.00807264	0.0354041	0.0537246	
-0.0735021	-0.0656098	-0.122332	0.0185223	0.00501352	-0.0337149	0.0238004	-0.0165846	-0.0186885	0.176572	
-0.104885	-0.124641	-0.0144741	0.00593957	0.14052	-0.064486	0.0569212	-0.0184807	-0.0802319	0.0150061	
-0.0158593	0.0297369	-0.050849	0.0387614	-0.0765194	0.0919705	0.0782787	-0.0220898	0.0432899	0.0653266	
-0.197596	0.0557176	0.0683231	0.0268191	-0.0750441	-0.0625577	-0.00135105	-0.0220688	-0.105507	0.00980268	
0.0126919	0.150582	-0.0699839	0.0619056	0.012873	-0.0606496	0.0719644	-0.118161	0.032972	0.0459784	
0.0512585	-0.0335508	-0.0364917	-0.0208822	-0.0916969	0.0199287	-0.119699	0.0691631	-0.0363058	0.0737844	
0.0794632	-0.1191	-0.0455298	0.0812293	0.0927172	-0.0578133	-0.114621	-0.0432205	0.0409357	0.0482703	
-0.114945	-0.0614892	0.0349423	-0.0106647	-0.103884	0.166973	-0.118921	0.0623031	0.0190984	0.0564916	
-0.0322281	0.0887524	-0.0505145	0.0257107	-0.128965	0.129874	-0.163616	-0.196931	-0.0278961	0.102904	
0.0374179	-0.0620228	0.0998279	0.0332308	-0.0568452	0.038039	-0.0255179	-0.0678177	0.0736376	-0.0814048	
-0.0405065	-0.011244	0.156694	0.051358	-0.123869	-0.0977927	-0.0282393	0.105324	0.12414	-0.0435355	
-0.19367	-0.0463808	-0.0123314	-0.00969598	-0.0179769	-0.0903739	0.00669543	0.0519812	-0.0322176	0.0236575	
-0.112695	0.0238705	0.00946963	0.0216045	0.0225069	-0.0589288	0.0665386	0.0454073	0.0348633	0.0189381	
-0.0682228	0.109139	0.0988166	0.0305689	0.0668902	0.00704605	0.00272175	0.0428367	0.0744481	-0.0635398	
-0.0166481	-0.0328158	-0.0343083	0.107082	0.0211839	0.00275311	-0.026831	0.0264496	-0.0556433	-0.0214922	
-0.00818484	0.0276243	-0.0987906	0.0321213	-0.117969	0.0845574	-0.03978	-0.0368939	-0.0599746	0.040304	
0.059241	-0.0478225	-0.00615905	-0.0238602	0.101416	-0.102884	-0.00563606	0.0308732	-0.0714159	0.222584	
0.00170167	0.0264907	-0.000481807	0.03598	0.0707316	0.176187	-0.00619665	-0.0453313	0.0357552	-0.0326683	
-0.0785266	-0.0404046	-0.188847	0.0626132	-0.0181486	-0.0139856	0.0216029	0.144375	-0.149628	-0.0707311	
0.0448094	0.0169258	-0.0988665	0.0150795	0.0469682	-0.046207	0.0458862	-0.131654	-0.0150646	-0.0244795	
-0.0856017	-0.0538538	0.025298	0.183413	0.0584174	0.119836	-0.00387757	0.0947186	-0.0569316	-0.120693	
0.00321115	-0.0485441	-0.0772725	-0.035727	-0.0692486	0.0482604	-0.110962	-0.0700454	-0.105664	-0.0133991	
0.102938	0.0837765	-0.0128103	0.136975	0.0453881	0.014871	-0.0804295	0.0784239	-0.0179023	-0.0219224	
-0.0311681	-0.033633	0.0493719	0.0806178	-0.0926809	-0.034633	-4.8733E-05	-1.05564E-06	0.0734615	0.0511502	
0.0239263	-0.0775655	0.104529	-0.0233234	0.0265872	0.115911	0.0484679	-0.140318	0.00984255	0.067279	
-0.111841	0.114551	-0.178689	-0.0944698	-0.197179	-0.0189877	0.0160297	0.0964563	0.0925911	-0.117672	
-0.070669	-0.0933719	-0.0416696	-0.090185	-0.154234	0.0538243	0.00977865	-0.0118973	-0.000486471	0.0623087	
0.0902852	0.0966456	0.00395066	-0.0209628	-0.0226984	0.00790135	-0.0273767	-0.0744955	0.0842344	0.0752172	
0.10508	0.095875	-0.0373303	0.0371862	-0.0502286	0.060204	-0.0477069	-0.0484065	-0.108434	0.134687	
0.0433109	-0.0193	-0.000366675	0.0122648	-0.0204191	-0.000667247	0.0213283	-0.0315056	-7.02312E-05	0.102826	
-0.143268	-0.0523041	0.00644291	0.0333016	-0.0266836	-0.14241	0.0507371	-0.0786865	0.178799	-0.0418161	
0.0119646	0.0166009	-0.0839265	-0.00643377	-0.119183	0.0571573	0.0886484	-0.0551547	0.101135	-0.066633	
0.03744	0.10398	0.149599	0.135126	-0.0430854	0.027987	0.0969529	0.0144077	0.157002	0.0406496	
-0.0393338	0.023162	0.0621205	0.0126339	0.00178255	-0.0408432	-0.0385097	0.0129214	0.00755167	0.075393	
0.127653	-0.152138	0.052115	-0.0168607	-0.00238866	-0.0968236	-0.0361292	-0.00985439	0.0597294	0.00810962	
-0.0298966	0.00313558	0.094182	-0.0473268	-0.0807456	0.0761332	0.00215587	-0.0253009	-0.116598	-0.0412673	
-0.0326	0.0486166	0.0372302	0.0186177	-0.0401874	-0.0301582	0.0308835	0.145243	0.0591799	0.0782681	
0.0846995	0.00950588	0.119415	-0.053406	-0.0118884	-0.010498	0.0843752	0.055506	-0.124668	0.0548047	
0.0934115	-0.0332355	0.0594022	-0.0385086	-0.0656526	-0.144126	0.0747016	-0.022378	-0.0422019	0.0764399	
0.0894441	-0.0417105	0.00391492	0.0728207	-0.0276667	-0.0816672	0.0114032	-0.0671048	-0.127898	-0.0629182	
-0.033637	0.0844352	-0.038377	0.00730204	0.0295361	-0.0990482	-0.0857194	0.0104244	-0.0338512	0.075716	
-0.0935936	0.0645605	-0.0469652	-0.0339923	-0.172054	-0.0796763	0.032101	0.03362	-0.0884331	-0.004661	
0.035007	-0.0615943	0.0181113	-0.0981913	-0.135353	-0.0566724	0.0251608	0.0490985	0.0269073	0.0419409	
-0.0743232	0.0371251	-0.0136329	-0.00820353	0.0825072	0.0436566	-0.00606466	0.0439281	0.009548	0.0553974	
-0.000184449	-0.0513368	-0.033408	0.0159376	-0.0171816	0.138909	-0.0206438	-0.0337978	0.0204899	0.0237497	
-0.061476	0.0398568	0.0602164	-0.0315411	0.109528	-0.0289765	-0.0133184	-9.37292E-05	-0.0821913	-0.0923129	
-0.0983818	0.00281193	-0.111434	-0.01473	-0.0782101	0.0725636	-0.0128698	0.0296238	0.0247533	0.0288448	
-0.155823	-0.111183	-0.117966	-0.0379961	0.00436521	0.0332175	0.0594937	-0.128433	-0.00813937	-0.0322128	
0.136471	0.0940683	-0.101351	-0.0234368	-0.0123053	0.0796657	-0.0818908	0.0868867	-0.092555	0.0422383	
-0.167064	0.193009	-0.122516	0.065534	0.062856	-0.0671922	-0.0901807	-0.0703534	-0.126172	0.0186185	
-0.0289759	0.0551331	0.0672465	0.051278	-0.0700271	-0.0959613	-0.0665741	-0.0602072	-0.0929846	-0.0285706	
-0.214075	-0.0216147	0.0490542	0.0809781	-0.0111868	0.0325067	-0.0503425	0.0122053	-0.0935887	-0.0909422	
-0.107411	0.0660414	0.134831	-0.127418	0.0964329	-0.0319201	-0.034863	-0.0205877	-0.00551815	0.016872	
-0.0423797	0.0718948	0.135753	0.124153	-0.032315	-0.0235093	0.0640836	0.065415	-0.234775	-0.0702686	
-0.00268242	-0.00964417	0.134363	0.0238539	-0.0366708	0.101733	0.00235552	-0.099437	-0.021998	-0.0272637	
0.0423415	0.0205651	0.0968811	-0.197136	0.0539004	-0.0300735	0.0204235	-0.112142	-0.196665	0.0110755	
-0.00434455	0.092999	0.0430138	-0.0339891	-0.00814075	0.0383921	-0.0827421	-0.0400522	-0.025491	0.101399	
-0.0167702	-0.00562329	-0.0608968	-0.0616736	-0.062215	0.0546005	-0.00391091	0.0203236	-0.0280846	0.0251112	
0.00809845	-0.0178539	0.0443036	-0.0320448	0.0418323	0.080024	0.0194425	-0.0176959	-0.0441632	0.0572124	
0.0627412	0.0563519	0.00602203	-0.0285807	-0.0186931	-0.0775176	0.031709	-0.000520267	-0.0701391	0.0134616	
0.0235376	0.173158	-0.0679396	-0.0721871	0.00820894	0.0554323	-0.0731287	-0.0194559	0.0267063	-0.106324	
-0.0163458	-0.102372	-0.0334278	0.0562944	-0.0578912	0.00215083	-0.0337029	0.00602755	-0.0202514	-0.0322894	
-0.0307525	-0.0149703	-0.0308484	-0.038365	0.0862334	0.164746	-0.0862265	0.0441891	0.0761587	0.06222	
0.0789243	-0.113864	0.0223856	-0.00356145	-0.00408483	0.0667097	-0.0332755	-0.0241996	-0.0569772	-0.00404256	
-0.0040939	-0.0711667	-0.0254465	0.0501319	0.0733031	0.0563524	-0.158724	0.0795048	-0.0393788	-0.0479304	
-0.0277104	0.0817269	0.0449269	-0.0406799	-0.0381596	0.0422431	-0.0461257	-0.0403618	0.0175983	-0.0414521	
-0.023934	-0.13701	-0.0518138	0.174429	2.83019E-05	-0.0629627	0.138897	-0.0416347	0.106129	0.00067332	
0.00825216	-0.115112	-0.0610795	0.086673	-0.0796749	-0.06396	0.0894796	-0.0269917	0.0048026	0.0480712	
-0.0246825	0.0404293	-0.103032	-0.0258138	0.0765674	0.119164	0.00595352	0.0819251	0.125404	0.00900807	
0.094425	-0.0308447	0.0512756	-0.00262818	0.0949536	-0.0256575	-0.0109284	-0.0283123	0.027744	-0.0386681	
-0.0580486	0.0767035	0.0103173	-0.0382505	0.0667871	0.0931399	-0.0317703	-0.0139912	-0.0362785	0.157046	
-0.000573313	-0.0150891	0.00633996	0.00559646	0.100433	0.0143152	0.00770286	-0.0341882	0.126377	-0.0555768	
-0.117463	-0.111603	-0.0414505	0.131013	0.0210998	-0.0689653	-0.0552344	0.0495365	-0.10019	-0.0536009	
0.160174	0.0222877	-0.0752811	-0.0213137	0.000103662	0.00170064	-0.0286555	0.0630957	-0.000772498	0.113372	
-0.111807	0.118308	0.0779686	0.0864362	0.0657252	-0.0826708	0.0393333	-0.0561056	-0.067448	-0.0808866	
0.0409392	-0.00521194	0.0994902	-0.0122627	-0.00222083	-0.165064	0.0580705	0.0422745	-0.0735669	-0.133624	
-0.0581052	-0.0815493	0.00617679	0.0724138	0.127264	-0.00748452	-0.0587979	-0.124903	0.0818947	0.00104726	
0.0421819	-0.0149388	-0.0778676	-0.129783	-0.00185854	0.0310676	-0.0143306	0.0563659	0.0227643	-0.0686783	
0.0471251	-0.0626585	0.0269906	0.0522094	-0.0840305	0.0293529	-0.0245	0.0452682	0.00740833	-0.0812526	
-0.0303283	-0.0153653	0.00450063	-0.0403223	-0.0394771	0.0154755	0.116752	-0.00374758	-0.0324046	-0.0195163	
0.0325776	-0.0435311	-0.101784	0.0341221	0.0424418	0.0365859	0.0442095	0.0577491	-0.0502147	0.0675767	
0.0152439	0.030261	0.0198148	-0.0399571	-0.0112492	-0.0234196	0.0756955	0.0514212	-0.0178192	0.0621564	
-0.0595976	0.100967	0.00394753	-0.0483549	0.0828367	-0.0794112	0.0160502	-0.156244	-0.0260719	0.0950399	
0.0121354	0.0247648	0.0143698	0.0337845	0.0684627	-0.0466288	0.0846737	0.0697258	-0.085287	-0.0833667	
-0.0236318	0.122334	0.000288963	-0.00570627	-0.066328	-0.0655916	0.065246	0.0133124	-0.0170882	-0.0417762	
0.053956	-0.0285115	-0.017425	-0.0444564	-0.0325051	0.0073327	-0.037387	0.0653424	-0.0273225	-0.0596858	
-0.0497785	-0.0221552	0.042442	0.0464671	-0.0687868	0.139403	0.054472	0.0725226	-0.0339369	0.113109	
0.0389389	-0.0698289	0.00575099	0.108861	0.0168723	-0.133508	-0.0722142	0.0302916	0.0650536	0.0123688	
-0.00857488	-0.108801	-0.0941079	0.0686598	0.058901	-0.0395912	-0.0570387	0.0612749	-0.0374543	0.132233	
0.0885677	-0.0299537	-0.00698613	0.120665	-0.122292	0.00198543	-0.137066	-0.0978972	-0.0718348	-0.0223665	
-0.0104341	0.0483275	0.0313562	0.0727701	-0.000304692	-0.0785492	-0.0569402	0.081747	0.00506284	0.0907155	
-0.0262544	-0.0279588	0.022877	-0.064376	-0.00914509	0.0229647	0.0405555	0.0456051	-0.0273871	-0.0335684	
0.0278456	0.00261734	0.0870135	-0.0833096	0.0265836	-0.0605737	-0.14347	-0.0194285	0.0238453	0.00220293	
-0.0553683	-0.0945705	-0.0144947	-0.025891	-0.00135127	0.0652979	0.0243551	0.0461529	-0.0341233	0.120519	
0.0116408	-0.0421162	-0.0576985	-0.0635565	-0.0996902	-0.126387	-0.0898581	-0.0943721	0.121785	-0.0764265	
0.131799	0.0472766	-0.0210326	0.0627121	0.0505395	0.0536549	0.0331675	0.0528958	0.0669817	-0.126618	
-0.0304327	-0.0371571	-0.165718	-0.118459	-0.0175512	0.000586063	0.0220159	-0.0385308	-0.108059	0.0123863	
-0.115294	-0.102126	-0.0819349	0.065687	0.0727844	0.0661788	0.105437	0.0342697	0.0961487	0.0650079	
-0.0822371	0.00848522	0.0153558	-0.177646	0.0991114	0.0149031	0.0550729	-0.00784616	-0.000434307	-0.0397282	
-0.0288818	-0.0600289	0.0279182	0.0620291	0.0188244	-0.00738272	-0.0422389	0.0919263	-0.127155	-0.00537833	
-0.0643911	-0.0295547	-0.00365746	0.0695331	-0.0703149	-0.0580042	0.0699241	0.243848	0.0405669	0.0996035	
-0.0127245	-0.0460075	0.0740068	0.0607407	0.0817776	0.00469917	0.0214088	0.0463544	-0.0222262	0.0218123	
-0.00999668	-0.0239017	0.0171301	0.131091	-0.10876	-0.0788607	0.0431955	-0.0820849	-0.082473	0.054507	
-0.000509406	-0.013488	-0.0593017	-0.0716317	-0.087512	-0.0510226	-0.00482025	-0.0261655	-0.0201335	-0.0735598	
0.0634237	0.0992293	-0.0376806	0.0125915	-0.0138594	0.0484741	0.0225764	0.0241028	-0.0270858	-0.0480697	
-0.0580811	-0.0485409	-0.114852	0.00933756	0.0435523	-0.042951	0.027418	-0.0232184	0.00134793	0.0211146	
0.0970327	-0.100965	-0.102912	-0.0491551	-0.0633235	-0.0475409	0.0344949	0.0244704	0.00462158	0.096142	
0.0211597	-0.0285447	0.126614	-0.0394598	-0.114511	0.145909	-0.00821658	-0.0025817	-0.08127	-0.0615497	
0.0281436	0.0856818	0.118903	0.0218218	0.0994727	0.0322082	0.0832373	0.0382522	0.0343341	-0.0826115	
-0.0148094	0.026561	-0.0515209	0.0621869	0.0189774	-0.0407688	-0.114719	-0.00569706	-0.000473729	-0.00665464	
-0.11008	-0.0611736	-0.0168746	0.110658	-0.0447287	-0.0455816	-0.0834031	-0.097703	0.0886794	0.0910807	
0.072205	-0.00455132	-0.032101	-0.00519502	0.0996583	-0.0113449	0.0238898	0.228521	-0.0453252	-0.0297772	
0.0403859	-0.0222046	0.118806	0.0159085	0.0784351	0.0845524	-0.0886113	-0.110803	0.0307688	-0.106087	
-0.0594607	0.0852846	-0.0207491	0.134421	0.00197119	0.0369179	-0.0516754	0.0713547	0.0142577	0.102185	
0.0194473	0.0766702	-0.0896773	0.0878586	-0.0462461	-0.0286978	0.106275	0.0107684	0.0641892	-0.1533	
-0.0892212	0.06587	0.0469893	-0.021521	-0.0622805	-0.0377568	0.0335926	-0.0695188	-0.0966428	0.129635	
0.054883	0.0744902	-0.148605	0.0667173	-0.0808645	-0.0687252	0.0695552	0.0130219	0.104733	-0.049525	
-0.03239	0.0250478	0.0162792	-0.0730763	-0.0208013	0.0325718	-0.137378	0.175731	-0.0501512	0.0286937	
-0.0104386	0.0709907	-0.0511861	-0.0124753	0.0186745	0.0193225	0.00940331	0.0187257	0.0470491	0.0911352	
-0.0369081	-0.0297909	0.101772	-0.10735	-0.137944	-0.0222433	-0.0682424	-0.0439901	0.00815679	-0.0628503	
-0.1128	-0.0223337	0.043306	0.0389244	0.0173743	0.0403865	-0.0743242	0.0364242	-0.0694539	0.0317323	
0.00433462	0.0786367	-0.0409934	-0.061422	-0.00347019	0.02768	-0.0581933	0.0235051	0.0128964	-0.133901	
-0.014184	0.00988961	0.0763219	0.0391486	0.0529601	0.0528508	-0.110041	-0.0965075	0.0712834	0.00839035	
0.143202	0.134924	-0.040409	0.144085	-0.0606171	0.0429794	-0.0235298	-0.0186321	-0.0193234	0.00341612	
-0.149214	-0.0486759	0.0115642	-0.0341678	0.0487824	-0.0176702	-0.104732	-0.00785833	0.00456357	0.0569272	
0.108303	-0.0162865	0.0110381	0.0827921	0.0262907	-0.0499624	0.065341	-0.112611	-0.0604876	-0.00216217	
0.0766794	0.0502365	0.0190745	-0.019884	-0.0172588	-0.0233711	-0.0731893	0.103258	0.0167184	0.0736044	
-0.105101	-0.0251079	-0.0380635	0.0401077	0.112464	-0.0792012	-0.0246506	-0.0584141	-0.00176208	0.0329552	
-0.00139925	0.0849617	0.00637144	0.128517	0.103241	0.0100747	-0.13893	-0.13096	-0.00251624	0.0772907	
0.0210565	0.0285948	0.102732	-0.0302751	-0.055536	0.0168364	0.0731576	-0.0282952	0.0148405	0.114345	
-0.0180082	0.0465533	0.00724458	-0.0401265	-0.0609626	0.0415978	0.0402678	-0.0642248	-0.0742954	-0.0363046	
0.0624779	-0.0676124	-0.0110442	0.00309685	-0.114631	0.00145394	0.0535701	0.106296	-0.0568695	0.0107426	
0.0701054	0.0525098	-0.0245738	-0.0935083	-0.0688139	0.028529	0.0845111	0.0111856	-0.170278	-0.0474633	
0.0172307	-0.02737	-0.0641408	0.0904801	-0.0764891	0.00597385	-0.00780858	-0.0220404	0.0300799	-0.0198518	
-0.0189188	0.0174638	-0.081428	0.111994	0.0377856	0.0487576	0.0792679	-0.0518978	0.0349775	-0.0517416	
0.112888	-0.0185465	-0.0692365	-0.0489078	0.0205227	0.203278	0.0177735	-0.073932	-0.0831132	-0.0592954	
0.0425153	-0.141017	-0.0045567	0.0263099	-0.00532835	-0.0877123	0.0460994	-0.00432772	0.0314562	-0.115588	
-0.0265001	-0.0893417	0.097331	-0.0321547	0.0935089	0.128857	0.078392	-0.0508483	0.199315	-0.00172865	
-0.0182801	-0.114612	0.0482099	-0.0605423	-0.0806536	-0.062242	0.0155029	0.0126843	-0.0303015	0.0121761	
0.0863225	0.000972598	0.00589938	-0.0779202	0.136152	-0.0108507	-0.00389299	0.134414	0.0720795	0.016207	
0.0961542	-0.0557151	-0.000837262	0.0522422	0.00945222	0.0243777	-0.101046	0.0227861	-0.147444	0.0760015	
-0.110436	0.0239966	0.163319	-0.0350864	-0.067989	-0.00580657	-0.0734101	0.0167412	-0.00599881	-0.148015	
0.0224799	0.0801245	-0.0928671	-0.127057	0.17737	0.0645625	-0.0888598	-0.0439241	0.0573038	-0.0778495	
-0.050137	0.0317631	-0.0533482	-0.0121467	0.0416616	0.0498342	-0.0532446	0.0129241	0.0484774	0.144985	
0.0530067	-0.0245385	0.0769474	-0.006608	0.0933994	0.0435346	0.102561	0.0605592	-0.0637969	0.103146	
0.119153	0.0459661	0.05648	0.0464404	-0.0314317	0.0708359	-0.035754	0.0690677	0.135083	0.0331451	
0.0585346	0.0891288	-0.0749485	0.0267653	-0.0482563	0.0674308	0.0887837	-0.133653	-0.0757782	-0.124775	
0.00403186	-0.04682	-0.0159546	-0.0461347	-0.00496271	0.078414	0.0860551	0.0985309	0.052018	-0.0493041	
0.0429169	0.0426755	-0.122201	-0.115738	0.031807	-0.112686	0.14885	0.04806	-0.03254	0.130344	
-0.0654022	-0.101309	-0.0401811	-0.000712846	0.0299472	0.0202202	0.0805405	0.00300401	-0.10421	-0.0851887	
-0.0794906	-0.00746283	0.0284557	0.0200229	-0.0437365	0.148092	0.0328257	0.240034	-0.0133207	-0.00612509	
-0.012483	-0.0411593	-0.103107	0.186118	0.0479775	0.0279736	0.0354084	-0.0125016	-0.108464	-0.0567645	
0.144911	-0.140843	0.0668242	-0.0684922	0.0741277	-0.0594908	-0.0236861	0.0459993	-0.0546286	-0.00304879	
0.0510397	0.0140104	-0.02697	0.0769086	0.0650142	-0.0373754	0.00105104	0.00502568	0.00235341	-0.0493237	
-0.00319405	0.0721957	-0.0647214	0.00848684	0.0261237	-0.0616607	-0.138205	-0.0170789	0.0463841	0.0819584	
-0.0199113	0.0186363	-0.0142735	0.113614	-0.130194	-0.0394459	-0.0995558	-0.0269634	-0.0210864	-0.002413	
0.0078846	0.0389411	-0.104782	0.0104733	0.0246207	-0.113247	0.0408752	-0.045503	0.0186136	0.0675217	
0.0867521	0.0555394	0.0600156	-0.0254664	-0.0297048	-0.0281756	0.0152186	0.0257659	-0.019802	-0.0541295	
-0.0365908	-0.105553	0.0807708	-0.0771891	0.0680544	0.0254744	0.0369785	-0.064295	0.0138424	-0.0553297	
0.0291698	0.0208023	0.0538426	0.136497	0.02453	0.0870947	0.0241505	-0.0378136	-0.14419	0.0583244	
-0.0239896	0.109831	0.0626624	0.0382583	-0.016856	-0.0255103	0.0026646	0.115945	-0.000921045	0.0723396	
0.0597233	0.0376897	0.00780178	0.0548127	0.058659	-0.0163258	0.2579	-0.15064	-0.0614869	0.131561	
0.0607576	-0.033117	0.107294	0.115655	-0.00152476	-0.0154223	0.0290756	-0.0849285	-0.0407186	0.0882053	
0.00466884	-0.0366045	-0.00256869	-0.0490989	0.0517121	0.0705559	0.0287562	0.08566	-0.0340488	0.084438	
-0.0271652	0.0575699	-0.0516944	-0.0378481	0.173985	0.028052	0.0793481	-0.00447546	-0.0279829	-0.0202325	
0.0242426	-0.141434	-0.0315634	0.0977304	-0.0808119	0.179513	-0.0491682	-0.0422366	0.0393973	0.000209852	
0.114077	0.0462959	-0.0252086	0.101596	-0.0101055	0.00326444	-0.0802804	0.108174	-0.0130908	0.00645137	
0.0221828	-0.0861137	0.0376621	-0.0026692	0.0387016	0.0238856	0.0185202	0.001355	0.0796052	0.0547504	
-0.0360141	-0.0822142	0.0485389	-0.166316	-0.186587	-0.00164719	0.0862682	-0.0700453	0.0474858	0.0537687	
0.00967496	-0.0739468	0.0797097	0.0318722	-0.146683	0.0389826	-0.0911325	0.0104135	0.0600844	0.0649729	
0.0296704	-0.0600465	0.0136702	0.084623	0.0665361	0.0279693	0.0988545	-0.104392	0.0294096	0.0636865	
0.0660654	-0.00644752	-0.0511342	-0.0338194	-0.14521	-0.000919893	0.0253932	-0.0419802	0.0362398	0.0354086	
-0.00117851	0.0417665	-0.0285949	0.0480202	-0.0537805	0.0488797	0.0088995	-0.0615312	0.0214454	0.0231181	
-0.053408	0.00437586	-0.0141364	0.0776321	0.00910906	0.138968	-0.088786	0.038232	-0.018299	-0.00993994	
0.0217392	-0.0597471	0.0210996	0.0370039	-0.0446731	-0.0122162	0.0102915	-0.0720299	-0.0438086	-0.0690945	
-0.0142449	-0.201238	0.00430123	-0.0136169	-0.0588491	-0.159374	-0.0373806	0.0207152	0.0985334	0.000222081	
-0.0981793	0.0128192	0.0696746	0.0158536	-0.0265769	0.0798037	0.0859597	0.0723571	-0.065136	0.0248518	
0.0911207	-0.0502316	-0.0484701	0.000871507	-0.019618	-0.0463531	-0.124374	-0.00964398	0.0527185	-0.0237648	
-0.0358828	0.0874264	0.0387608	0.0319668	-0.00628332	-0.0504774	0.0186992	-0.0140021	0.0323361	-0.0929136	
-0.11316	0.0772122	0.0683107	-0.0616416	0.00298978	0.0149504	0.0293719	0.109772	0.00680306	0.0498051	
0.0625181	-0.121511	-0.0370748	-0.00562348	-0.0259713	0.0641303	-0.0113178	-0.0255582	-0.104677	-0.0291725	
-0.0132365	-0.115969	-0.094907	-0.0709548	0.106054	-0.0435977	-0.149317	0.003992	-0.0309765	-0.0808408	
-0.0756138	-0.0523851	-0.0881025	-0.0806883	0.0229697	0.0595197	0.0652123	-0.0245909	0.0159899	-0.0629406	
0.0825009	-0.0360493	-0.0389609	0.0663372	0.0634378	-0.0112561	0.170229	0.104553	-0.0206178	0.0160429	
0.0190122	0.0926865	0.0376048	0.0604616	-0.0550872	-0.0259491	0.0845155	-0.0439503	0.0468226	-0.00958776	
