0	0	0	0	0	0	0	0	0	0	0.713807	0	0	0	0.337492	0	0	0.584687	0	0	1.11322	0	0	0.295729	0	0	0	0	0	0.453686	0	0	0	0	0	0	0.41051	0.601522	0	0	-1.2942	-1.67514	-1.75114	-1.22829	-1.41073	-1.59514	-1.08946	-1.77469	-1.37163	-1.32022	
0	0	0	0	0	0	0.814428	0	0	0	0	0	0.432213	0.589225	0.778611	0	0	0	0	0	0	0	0.548011	0	0	0	0.543104	0	0	0	0.309026	0	0	0	0	0.267983	0	0	0	0	-1.29153	-2.00615	-1.01563	-1.25274	-1.60842	-1.361	-1.33259	-1.99897	-1.36891	-1.04665	
0	0	0	0	0.523865	0	0.280129	0	0	0	0	0	0	0.491384	0	0	1.15311	0	0	0	0	0	0	0.415809	0	0	0	0	0	0	0	0.404948	0.146821	0	0.743507	0	0	0	0	0	-1.39961	-1.7731	-1.48548	-1.12557	-1.57303	-1.28286	-1.53847	-1.58776	-0.986821	-1.40686	
0	0.736895	0	0	0.484923	0.734952	0	0	0	0	0	0	0	0	0	0.38752	1.83027	0	0	0	0	0.2763	0	0.356456	0	0	0	0	0	0	0	0.565294	0	0	0	0	0	0	0	0	-1.26858	-1.31192	-1.10382	-1.27359	-1.72187	-2.25641	-2.30201	-1.0773	-1.35256	-1.70456	
0	0	0.366118	0	0	0	0.473229	0	0	0.451312	0	0	0	0.281503	0	0	0	0	0	0	0.422903	0	0	0	0.30885	0	0	0	0	0	0	0	0	0	0	0	0	0.507397	0.56761	0	-1.29048	-1.37165	-1.27321	-1.40916	-1.7155	-1.64016	-1.06496	-1.28015	-1.03068	-1.30297	
0	0.502357	0.0520764	0	0	0	0	0	0.612318	0	0	0	0.295341	0	0.295706	0	0	0	0	0	1.11353	0	0	0	0	0	0	0	0	0	0	0.197554	0.448011	0	0	0	0	0	0	0	-1.07368	-1.98445	-1.00956	-1.74331	-1.31821	-1.26429	-1.13518	-1.57678	-1.12829	-1.28313	
0	0	0.212633	0	0.264651	0	0	0	0	0	0.91876	0.822213	0	0	0	0	0	0	0.366635	0	0	0	0	0	1.14854	0.960408	0	0	0	0	0	0	0.803676	0	0	0	0	0	0	0	-0.769445	-1.42926	-1.77558	-1.05494	-1.79344	-1.69083	-1.1027	-2.58742	-1.78857	-1.50532	
0.444601	0	0	0	0	0	0	0	0	0	0.236287	0	0.648027	0	0	0.725056	0	0	0	0	0.414913	0	0	0	0	0	0	0.670058	0	0	0	0.61981	0	0	0.527293	0	0	0	0	0	-2.25106	-1.34896	-1.17003	-0.924946	-0.830613	-1.37125	-1.25921	-1.27665	-2.11655	-1.73677	
0	0	0	0	0	0	0.64633	0	0	0.116638	0	0	0	0	0.340961	0.342958	0	0	0	0	0	1.01516	0	0	0	0.591078	0	0	0.550118	0.327815	0	0	0	0	0	0	0	0	0	0	-1.17623	-1.03761	-1.65318	-1.32336	-1.29584	-2.09821	-1.09926	-1.40949	-1.57265	-1.26524	
0	0	0	0	0	0	0	0	0	0	0	0	0	0	0	0	0.275543	0.702689	0.306058	0	0	0	0.30281	0	0.326599	0	0.456319	0	0.252669	0	0.257437	0	0	0	0	0	0	0	0	0	-0.96888	-1.3669	-1.24228	-0.913553	-1.22799	-0.784662	-1.49733	-2.3402	-1.2069	-1.33141	
0	0	0	0	0	0	1.3025	0	0	0	0	0.332181	0	0	0.340834	0	0	0	0.868576	0	0.306766	0	0	0	0.469901	0.344619	0	0	0.468024	0	0	0	0	0	0	0	0	0	0	0	-1.35135	-2.28139	-1.05632	-1.24977	-1.76474	-1.158	-1.02272	-1.88067	-1.48606	-1.18239	
0	0	0	0	0	0	0.158826	0	0	0	0	0	0	0	0	0	0	0.744934	0	0	0	0	0	0.284636	0	0.424829	0.581952	0	0.575752	0	0	0	0	0.545945	0.337408	0	0	0	0	0	-1.02835	-1.05055	-1.40367	-0.881501	-1.51704	-1.40842	-1.07051	-2.04953	-1.25977	-1.98495	
0.278841	0	0.341141	0	0	0.323062	0	0	0.685814	0	0	0	0	0	0	0.390391	0	0	0	0	0.145521	0	0	0	0	0	0	0	0	0.673132	0	0	0	0	0	0	0.163359	0	0	0	-1.1687	-1.09135	-1.55718	-1.81894	-1.38657	-1.19784	-1.06225	-1.08842	-1.46919	-1.16082	
0	0	0.463364	0	0	0	0.291776	0.302696	0	0.486541	0	0	0	0	0	0	0	0.502129	0	0	0	0	0	0	0	0	0	0.554621	0.19417	0	0	0	0	0	0.610437	0	0	0	0	0	-0.979215	-1.44875	-1.18436	-1.10922	-1.24097	-1.04312	-1.10436	-2.35123	-1.76803	-1.17648	
0	0.32583	0	0.339212	0	0	0	0.175677	0	0	0	0	0	0	0	0.356961	0.337985	0	0	0	0	0	0	0	0	0	0.5693	0	0.595446	0	0	0	0	0.312386	0	0	0	0	0	0	-1.18635	-0.861966	-1.51152	-1.52188	-1.75019	-1.15666	-1.70878	-0.883168	-0.860798	-1.57149	
0	0	0.371248	0	0	0	0	0	0	0	0	0	0.595148	0	0	0	0	0	0.236428	0	0.771988	0	0	0.464166	0	0	0	0	0	0	0	0	0	0.122563	0	0	0	0.404362	0	0.269446	-1.18038	-1.47062	-1.73393	-1.31844	-1.01153	-1.03548	-1.07552	-1.28773	-1.20825	-1.91348	
0	0	0	0	0	0	0	0	0	0.534476	0	0	0	0	0	0	0	0	0	0	0.503153	0	0	0.820428	0	1.15055	0	0	0.455917	0.80049	0	0.310662	0	0	0.160877	0	0	0	0	0	-1.27629	-0.801188	-1.5222	-1.76238	-1.28749	-1.98189	-1.14137	-1.63366	-1.81032	-1.51977	
0	0.47522	0	0	0.471636	0	0.449715	0	0	0.459733	0	0	0	0	0.239822	0.317546	0	0	0	0	0	0	0	0	0	0	0	0	0	0.130633	0	0	0	0.333548	0	0	0	0	0	0	-1.29842	-1.30865	-1.74528	-1.81545	-1.11637	-1.15684	-0.968462	-1.19314	-1.17942	-1.09581	
0	0	0.54737	0	0	0.295387	0.529428	0	0	0	0	0	0.579637	0	0	0	0	0	0	0	0.439313	0	0.355894	0	0.912461	0	0	0	0	0	0	0	0.286569	0	0	0	0	0	0	0	-1.12726	-1.01736	-1.94265	-1.5563	-1.16898	-0.785225	-1.37072	-1.36248	-2.77942	-0.835646	
0	0	0	0	0	0	0	0	0	0	0	0	0	0	0	0	0	0.386042	0	0	0.230891	0	0	0.220891	0	0.381844	0	0.316367	0	0	0.463102	0	0.47955	0	0	0	0	0.306508	0	0	-1.24687	-0.894944	-0.975726	-1.09139	-2.42318	-1.28543	-0.952836	-0.955183	-1.38766	-1.57197	
0	0	0	0	0.66546	0	0	0	0	0.492918	0	0	0.269986	0	0.692557	0	0	0	0	0	0	0	0	0	0	0	1.48026	0.558258	0	0	0	0	0	0	0	0.39251	0	0	0	0.250576	-1.82756	-1.62091	-0.904913	-1.58023	-1.17862	-1.42204	-1.43363	-1.79318	-1.74936	-1.29209	
0	0	0	0.291719	0	0	0	0	0	0	0.323489	0	0.533326	0.69844	1.17113	0	0	0	0	0.189725	0	0	0.339226	0	0	0	0	0	0	0	0	0	0	0.412196	0	0	0	0	0	0	-1.89866	-1.49026	-2.06571	-0.88678	-1.09186	-1.18289	-1.38662	-1.454	-1.29209	-1.21038	
0	0	0	0	0	0	0	0	0	0	0	0.52205	0	0	0	0	0.130086	0	0	0	0	0.520397	0	0	0.380094	0	0.483218	0	0	0	0	0.172471	0	0.370487	0	0	0	0	0.200067	0	-1.50024	-1.49519	-0.819926	-2.30133	-1.07252	-1.49708	-0.905241	-1.12045	-0.939433	-1.12746	
0	0	0	0	0	0	0.408888	0	0.539316	0	0	0	0	0.41556	0	0	0	0	0	0	0	0.664371	0.366668	0	0	0	0.85159	0	0	0	0	0	0	0.793035	0	0	0	0	0	0.538059	-1.51133	-1.82903	-1.06616	-1.45705	-1.79025	-1.42288	-1.35025	-1.72768	-1.11003	-1.31283	
1.40405	0	0	0	0	0	0	0	0	0	0	0	0	0.243382	0	0	0	0	0	0	0	0	0	0	0	0	0.251953	0	0	0	0	0	0.283469	0	0.634866	0.387313	0.362286	0.152687	0	0	-1.15438	-0.625594	-0.963167	-1.11712	-1.32809	-1.92488	-1.75465	-1.17962	-1.62815	-2.04436	
0	0	0	0	0.527401	0	0	0	0	0	0.245455	0.456099	0	0	0	0	0	0	0	0	0	0	0	0	0	0	0.572755	0.4549	0	0	0	0	0	1.27778	0	0	0.295177	0	0.451083	0	-1.27219	-1.22244	-1.46794	-1.25564	-2.15712	-1.67664	-1.52318	-1.8749	-1.04545	-0.785137	
0	0	0.44984	0	0	0	0	0.503648	0.42027	0	0	0	0	0	0.765225	0	0.49689	0	0	0	0	0	0	0	0	0.351439	0	0	0	0	0	0.2043	0	0	0.420397	0	0	0	0	0	-1.58732	-1.33677	-1.28193	-1.5081	-1.22236	-1.28497	-1.1897	-1.50239	-1.40803	-1.29044	
0	0	0	0	0	0	0.61255	0.347137	0	0	0	0	0.601432	0	0.417558	0.239588	0	0	0	0	0	0	0	0	0.489301	0	0	0	1.01174	0	0	0	0	0	0	0	0.565343	0	0	0	-1.83345	-1.37387	-1.27281	-1.27343	-1.5246	-1.30523	-1.22073	-1.74082	-1.55713	-1.18257	
0	0	0	0	0	0	0.220852	0	0	0	0	0	0.207146	0	0	0	0	0	0	0.367351	0	0	0	0.398278	0	0	0	0	0	0	0	0	0	0.984014	0.406753	0.818008	0	0	0	0.510337	-1.03033	-1.65147	-1.27062	-1.3755	-1.23557	-1.47601	-1.35644	-1.27709	-1.52535	-1.71436	
0	0	0.935644	0	0	0.502079	0.994285	0	0	0	0	0	0	0	0	0	0	0	0	0	0	0	0	0.700139	0	0	0	0	0	0	0	0	0	0.541641	0.310182	0	0.204117	0	0	0.336188	-1.32125	-1.04291	-1.38372	-1.24512	-2.66551	-1.51397	-1.12309	-1.31774	-1.8704	-1.04058	
0.405231	0	0	0	1.05205	0	0	0	0	1.10495	0	0	0	0	0.2641	0	0	0	0	0	0	0	0	0	0	0	0.580394	0	0	0	0	0	0.522434	0.978498	0	0	0	0	0.351852	0	-1.20702	-1.28082	-1.86231	-1.33759	-1.68064	-2.14576	-1.21495	-1.69688	-1.4298	-1.40374	
0.436467	0	0.518851	0.639596	0	0	0	0	0	0	0	0.961071	0.615936	0	0.22109	0	0	0	0	0	0	0	0	0.309537	0	0	0	0	0	0	0	0	0	0	0	0	0	0	0.516415	0	-1.19654	-1.35	-1.11169	-1.35777	-1.49978	-1.73911	-1.61839	-1.05492	-1.48113	-1.80965	
0	0	0	0.295975	0	0	0	0	0	0.227643	0	0	0	0	0	0	0	0	0	0	0	0	0.495077	0	0	0	0	0	0.634772	0	0.751003	0	0	0.310256	0.37613	0	0.262165	0	0	0	-1.69044	-1.24837	-1.62293	-1.00117	-1.22551	-1.09548	-1.49827	-1.66697	-1.24592	-1.05795	
0	0	0	0	0	0	0	0	0	0	0	0	0	0	0	0	0	0	0.374361	0	0.206801	0	0	0	0.48406	0.678213	0	0	0	0	0.652486	0	0	0	0.35223	0	0	0.759759	0.177605	0	-1.3958	-1.48918	-1.10769	-1.12583	-1.2447	-0.998062	-1.48066	-1.81671	-1.33447	-1.6924	
0	0	0	0	1.29359	0	0.355579	0	0	0.259124	0	0	0	0	0	0.24083	0	0.620919	0.412839	0	0	0	0	0	0	0	0	0	0	0	0.374559	0	0	1.01793	0	0	0	0	0	0	-1.78727	-1.34265	-1.21508	-1.30985	-1.66401	-1.50898	-1.77202	-1.44421	-1.50947	-1.02184	
0	0	0	0.471785	0.258987	0	0	0.63613	0	0.390031	0.508453	0	0	0	0	0	0	0	0	0	0	0.249545	0	0	0	0.566106	0	0	0	0	0	0	0	0	0	0	0.250256	0	0	0	-1.37011	-1.38616	-1.42535	-1.80556	-1.15752	-0.971228	-1.06685	-1.31849	-1.18491	-1.64511	
0	0	0	0	0	0	0	0.532471	0	0	0	0	0	0.41262	0	0.28049	0	0	0	0	0.583587	0	0	0	0	0	0	0	0	0	0	0	0	0	0.355994	0.142918	0	0	0.673152	0.865696	-1.00702	-1.81232	-1.1994	-1.41653	-1.28345	-1.37329	-2.02603	-1.19508	-0.9262	-1.60761	
0	0	0	0	0	0	0	0	0.548097	0	0	0	0	0	0	0.754355	0.691242	0	0	0	0.420848	0	0	0	0	0	0	0.21378	0.431792	0	0	0	0	0	0.27742	0.798082	0	0	0	0	-1.21764	-1.37774	-0.901094	-1.76856	-1.54683	-1.62668	-1.64887	-1.12602	-1.46114	-1.46104	
0.204393	0	0.604369	0.60592	0	0	0	0	0	0	0	0.42442	0	0	0	0	0	1.28103	0	0	2.41852	0	0	0	0	1.31954	0	0	0	0.304826	0	0	0	0	0	0	0	0	0	0	-2.14116	-2.42691	-1.56114	-1.49452	-1.24114	-2.53779	-1.36209	-1.13483	-1.581	-1.68245	
0	0	0	0.545254	0	0	0.308667	0	0	0	0	0	0.25578	0	0	0	0	0	0.479627	0.506779	0	0	0	0	0	0	0.441727	0	0	0	0	0	0.637192	0	0	0	0	0.695581	0	0	-1.52573	-1.63798	-1.61374	-1.61425	-1.40007	-1.2983	-1.41366	-1.36255	-0.749165	-1.25516	
0	0	0	0	0	0.135122	0	0.756697	0	0	0	0	0	0	0	0	0	0	0	0.377541	0.394508	0	0	0	0	0	0.33502	0.42306	0	0	0	0	0.504748	0	0	0	0	0	0.443746	0	0	-1.47682	-1.49709	-2.13227	-1.28313	-0.989533	-1.88809	-1.33562	-1.15956	-1.60832	
0.308824	0.273152	0.257422	0	0	0.461638	0	0	0	0	0.438952	0	0	0	0	0	0	0	0	0	0	0	0	0	0	0	0	0	0.238803	0	0	0	0	0	0	0	0.372831	0	0.547274	0	-1.54512	0	-1.2341	-1.47149	-1.4132	-1.55418	-1.21089	-1.50079	-1.35122	-1.61791	
0	0	0	0	0	0	0.371042	0	0.40622	0	0	0	0.413196	0	0	0.441981	0	0.442354	0.180791	0	0	0.566753	0	0	0	0	0	0	0	0	0.530088	0	0	0	0	0	0	0	0	0	-1.34244	-1.70479	0	-1.52043	-1.47279	-1.21152	-1.7151	-1.27172	-1.5882	-1.52544	
0	0	0	0	0.193677	0.331671	0	0	0	0	0	0	0	0	0.340965	0	0.476134	0.36332	0.354948	0	0	0	0.671807	0	0	0	0	0	0	0	0	0	0	0	0	0	0	0.258199	0	0	-1.03372	-1.78855	-1.54189	0	-1.47836	-1.04015	-1.51166	-1.58038	-1.29809	-1.71792	
0	0.25276	0	0	0	0	0	0	0	0	0.377168	0	0	0	0.715342	0	0	0	0.204136	0.797692	0	0	0	0	0	0.803075	0	0	0	0.740458	0.168669	0	0	0	0	0	0	0	0	0	-1.35857	-1.63687	-1.50124	-1.14385	0	-1.67051	-1.61673	-2.14668	-1.37865	-1.60619	
0	0	0	0.587643	0.273717	0	0	0	0.331202	0	0	0	0	0	0	0	0	0	0	0	0	0	0.182427	0	0.257963	0	0	0	0	0	0.63036	0	0	0	0	0	0	0.226809	0.574663	0	-2.01836	-1.38824	-1.22823	-2.01081	-1.32053	0	-1.45135	-1.55753	-1.05801	-1.03173	
0	0	0	0.289065	0	0	0	0	0	0.378845	0	0	0	0	0.660113	0	0	0	0	0	0.424589	0	0	0	0.391775	0.411573	0	0	0	0	0	0	0.340975	0	0	0	0.293341	0	0	0	-1.35951	-2.03146	-1.3417	-1.79387	-1.06441	-1.28472	0	-1.28013	-1.59347	-1.44102	
0	0.360336	0	0	0	0.38335	0.56968	0	0	0.965827	0	0	0	0.664317	0	0	0.241261	0	0	0	0.859252	0	0	0	0	0.67591	0	0	0	0	0	0	0	0	0	0	0	0	0	0	-1.48976	-1.56699	-1.90384	-1.6288	-1.42663	-1.76084	-1.60811	0	-1.40512	-1.92985	
0	0	0	0	0	0	0.387466	0.708642	0	0	0.511436	0	0	0	0	0	0	0	1.09876	0	0.281731	0	0	0	0.351673	0	0	0	0	0.273049	0	0	0	0	0	0	0	0.380719	0	0	-1.40934	-2.00708	-1.38505	-1.5392	-1.66373	-1.53872	-1.23065	-1.7799	0	-1.4398	
0	0	0	0	0	0	0	0.551958	0	0	0	0.829254	0	0	0.515727	0.573472	0	0	0	0	0	0	0	0	0.576849	0	0	0	0.533798	0	0	0.159747	0	0	0	0.328501	0	0	0	0	-1.3285	-1.59848	-1.60587	-1.64483	-1.51262	-1.62477	-1.66034	-1.24255	-1.85135	0	
